Reacoes de apoio [N]
[3900.01179916 2899.98589597 1599.98432298]

Deslocamentos [m]
[[ 0.        ]
 [ 0.        ]
 [ 0.00100472]
 [-0.00431169]
 [ 0.00035976]
 [-0.00466309]
 [ 0.00025973]
 [-0.00443924]
 [ 0.00055858]
 [-0.00463755]
 [-0.00032428]
 [-0.00424775]
 [ 0.0011645 ]
 [ 0.        ]]

Deformacoes []
[-0.006395129708218694, -0.004493122570412796, -0.003776421171026129, -0.0035283300138792446, -0.0007556004057329427, 0.0007555960169104979, 0.0019112468563298722, 0.0, 0.0, 0.0, 0.0]

Forcas internas [N]
[-6484.56559719 -4555.95888956 -3829.2344211  -3577.67370912
  -766.16747741   766.16302721  1937.97564362     0.
     0.             0.             0.        ]

Tensoes internas [Pa]
[-1235155351.8453586, -867801693.2495275, -729377984.9719864, -681461658.8806374, -145936662.36326054, 145935814.70609358, 369138217.8315515, 0.0, 0.0, 0.0, 0.0]